GPS data from Augustine volcano, Ref: Table 1 from Cervelli et al (2006)
Input data file: Augustine2006.txt
nLoops: 64

Inversion parameters
X2v   : chi square
X0,Y0 : location [UTM]
Z0    : depth [m b.s.l.]
dP    : dimensionless pressure change
dV    : volume change (1E6 m^3 or m^3/yr)

X2v X0 Y0 Z0 dP dV
2.35 475626   6580395     16 0.012 593437.63
2.35 475626   6580395     16 0.012 593440.59
2.35 475626   6580395     17 0.012 593506.29
8.31 478510   6580393   2000 0.046 2263890.59
12.20 474829   6585585   2000 0.001 49095.19
2.35 475626   6580395     16 0.012 593437.03
2.35 475626   6580395     16 0.012 593450.77
2.35 475626   6580395     16 0.012 593436.63
12.20 470368   6575591   1934 0.001 49089.63
2.35 475626   6580395     16 0.012 593451.73
2.35 475626   6580395     16 0.012 593454.55
12.20 470499   6580690   2000 0.001 49089.48
2.35 475626   6580395     16 0.012 593455.58
12.20 478371   6575592    146 0.001 49146.46
2.35 475626   6580395     16 0.012 593436.48
2.35 475626   6580395     16 0.012 593438.22
2.35 475626   6580395     16 0.012 593454.47
12.20 471655   6575592   1665 0.001 49117.51
2.35 475626   6580395     16 0.012 593453.89
12.21 470368   6575592   1192 0.001 49093.44
12.22 474387   6585590   1128 0.001 49096.31
2.35 475626   6580395     16 0.012 593437.63
2.35 475626   6580395     16 0.012 593437.04
12.11 475962   6584123   2000 0.006 276837.12
2.35 475626   6580395     17 0.012 593790.96
12.21 470368   6584793    551 0.001 49107.64
2.35 475626   6580395     16 0.012 593437.01
2.35 475626   6580395     16 0.012 593454.10
12.22 471169   6585591    217 0.001 49134.60
2.35 475626   6580395     16 0.012 593436.36
12.20 470368   6585590   2000 0.001 49091.43
9.87 479519   6581282    -14 0.037 1838899.28
12.20 473702   6585591   2000 0.001 49089.50
2.35 475626   6580395     16 0.012 593430.36
7.67 477823   6580448   1999 0.044 2161935.89
2.35 475626   6580395     16 0.012 593450.08
12.20 470791   6575594   2000 0.001 49089.41
12.21 470471   6575592    774 0.001 49501.06
11.60 479855   6583899   1999 0.027 1328119.17
12.21 471376   6585590    673 0.001 49103.02
2.35 475626   6580395     17 0.012 593506.10
12.20 471176   6577164   2000 0.001 49089.51
2.35 475626   6580395     16 0.012 593437.05
10.21 479547   6578432   2000 0.043 2129921.81
2.35 475626   6580395     16 0.012 593439.00
2.35 475626   6580395     16 0.012 593436.89
2.35 475626   6580395     16 0.012 593452.06
2.35 475626   6580395     16 0.012 593454.09
2.35 475626   6580395     16 0.012 593436.82
2.35 475626   6580395     16 0.012 593436.99
2.35 475626   6580395     16 0.012 593436.77
12.20 470368   6585337   1739 0.001 49739.39
2.35 475626   6580395     16 0.012 593454.21
2.35 475626   6580395     16 0.012 593440.29
12.21 472947   6577031    375 0.001 49121.09
12.23 473997   6585590    801 0.001 49099.35
2.35 475626   6580395     16 0.012 593436.90
2.35 475626   6580395     17 0.012 593522.47
2.35 475626   6580395     16 0.012 593437.00
12.23 471661   6578052    789 0.001 49101.48
12.21 470368   6578306   1581 0.001 51027.69
2.35 475626   6580395     16 0.012 593455.93
12.21 470368   6580168   1922 0.001 49089.44
2.35 475626   6580395     16 0.012 593458.58
