GPS data from Augustine volcano, Ref: Table 1 from Cervelli et al (2006)
Input data file: Augustine2006.txt
iLoops: 3

Estimated errors (2 sigma)
X0,Y0 : location [UTM]
Z0    : depth [m]
dP    : dimensionless pressure change
dV    : volume change (1E6 m^3 or m^3/yr)

X0 : 2360 [UTM]
Y0 : 1341 [UTM]
Z0 : 902 [m]
dP : 0.013 
dV : 0.62 [1E6 m^3 or m^3/yr]

X2v X0 Y0 Z0 dP dV
6.71   475827  6580349     2 0.013   0.63
4.36   475565  6580425     0 0.013   0.66
3.49   475499  6580311    27 0.011   0.54
1.99   475749  6580362    54 0.012   0.60
4.93   475586  6580502    -3 0.010   0.52
10.50   477152  6580946  1999 0.039   1.93
2.86   475598  6580441    19 0.014   0.67
2.84   475641  6580457    29 0.013   0.65
3.28   475645  6580431    12 0.013   0.63
3.50   475639  6580406    55 0.013   0.63
2.08   475620  6580345    -5 0.012   0.59
3.34   475769  6580482   -13 0.013   0.62
1.68   475589  6580374    38 0.011   0.53
2.13   475754  6580356    22 0.014   0.68
9.22   480331  6581389    -8 0.046   2.29
3.60   475806  6580360    17 0.012   0.57
2.40   475619  6580395    -1 0.011   0.55
5.68   475658  6580367    17 0.012   0.58
2.24   475551  6580468     7 0.010   0.51
4.25   475515  6580487     5 0.009   0.47
4.36   475605  6580374     1 0.011   0.54
2.72   475647  6580450    17 0.011   0.56
2.86   475783  6580415    81 0.013   0.63
4.21   475554  6580386    10 0.012   0.57
10.92   470367  6578074  2000 0.001   0.05
4.25   475600  6580410    10 0.011   0.54
2.68   475657  6580443    38 0.013   0.62
1.96   475628  6580412    67 0.011   0.56
3.26   475642  6580345     7 0.011   0.52
13.29   470368  6583329  1975 0.001   0.05
1.15   475672  6580440    21 0.012   0.61
4.75   475537  6580467     9 0.011   0.53
4.62   475670  6580371    13 0.010   0.51
5.45   475697  6580288    29 0.013   0.64
5.77   475678  6580394    26 0.013   0.64
2.32   475579  6580372    11 0.013   0.62
3.57   475592  6580369    -3 0.011   0.54
3.67   475464  6580520   -16 0.011   0.56
3.48   475696  6580375    40 0.011   0.54
5.60   475735  6580259    42 0.013   0.62
3.26   475434  6580519    -1 0.010   0.50
3.66   475544  6580469    24 0.011   0.55
5.21   475675  6580316    10 0.011   0.55
4.78   475580  6580453     6 0.011   0.56
3.92   475685  6580403    27 0.013   0.63
4.46   475459  6580388    -0 0.010   0.47
2.39   475749  6580385    44 0.013   0.66
3.70   475656  6580311     4 0.011   0.56
3.08   475677  6580382    38 0.012   0.61
1.70   475555  6580396    -3 0.011   0.56
2.54   475450  6580423    -6 0.012   0.57
9.19   477526  6580976  2000 0.050   2.45
4.13   475640  6580471    -3 0.013   0.64
3.09   475722  6580387    11 0.012   0.60
3.38   475694  6580310     6 0.014   0.67
2.86   475508  6580321    25 0.013   0.66
3.05   475654  6580373    12 0.012   0.61
3.19   475656  6580344     8 0.011   0.52
3.77   475680  6580340    25 0.012   0.60
4.02   475669  6580321    36 0.012   0.57
3.00   475668  6580320     6 0.013   0.65
3.98   475514  6580474    -7 0.012   0.61
4.68   475538  6580420    13 0.011   0.53
3.18   475612  6580357     1 0.012   0.59
3.17   475586  6580480     9 0.011   0.56
2.95   475525  6580442    40 0.010   0.50
3.84   475478  6580417    17 0.011   0.56
4.87   475609  6580465    23 0.013   0.62
3.74   475659  6580323     9 0.011   0.56
2.36   475714  6580452    43 0.012   0.59
3.12   475583  6580376    20 0.011   0.55
3.13   475644  6580479    30 0.012   0.60
3.55   475750  6580241    40 0.012   0.59
5.29   475644  6580427    14 0.013   0.63
2.55   475724  6580395    22 0.012   0.57
3.32   475696  6580308    31 0.013   0.63
4.22   475573  6580447    22 0.011   0.54
2.84   475710  6580380    43 0.015   0.72
2.71   475626  6580435    10 0.013   0.66
2.68   475628  6580453    32 0.013   0.63
2.85   475658  6580459     1 0.012   0.59
3.83   475605  6580349    17 0.014   0.68
1.59   475569  6580473     9 0.013   0.62
3.71   475595  6580328    14 0.013   0.65
3.92   475691  6580396    18 0.013   0.63
13.22   470368  6585590  1910 0.001   0.05
2.94   475557  6580359    25 0.010   0.51
4.33   475531  6580445    10 0.012   0.61
3.85   475608  6580389    30 0.014   0.67
2.85   475733  6580379     6 0.012   0.59
3.31   475767  6580358    27 0.012   0.57
3.70   475583  6580442    28 0.012   0.58
3.86   475728  6580280     9 0.014   0.70
3.04   475707  6580312    12 0.012   0.60
3.72   475556  6580431     2 0.012   0.59
3.34   475611  6580336    20 0.012   0.61
5.10   475680  6580327    -5 0.014   0.67
1.79   475698  6580459    30 0.012   0.59
4.97   475717  6580246    12 0.012   0.58
11.07   470368  6579005  1493 0.001   0.05
