GPS data from Augustine volcano, Ref: Table 1 from Cervelli et al (2006)
Input data file: Augustine2006.txt
iLoops: 2

Estimated errors (2 sigma)
X0,Y0 : location [UTM]
Z0    : depth [m b.s.l.]
dP    : dimensionless pressure change
dV    : volume change (1E6 m^3 or m^3/yr)
A     : aspect ratio (semi-minor/semi-major axis)
phi   : strike angle (deg, positive from N)
theta : dip angle (deg, 90 = vertical)

X0    : 6102 [UTM]
Y0    : 5282 [UTM]
Z0    : 569 [m]  
dP    : 0.695      
dV    : 1.52 [m^3 or m^3/yr]
A     : 0.61
phi   : 202
theta : 57

X2v X0 Y0 Z0 dP dV A PHI THETA
15.23   480366  6585590  1690 0.028   1.06 0.87 244  84
2.25   475632  6580393  1100 0.028   0.72 0.70 358  16
13.49   474954  6578287  1578 0.092   0.53 0.32 324  90
15.46   478876  6575948  1342 0.056   0.31 0.31 206  38
15.51   471040  6579708  1839 0.931   0.00 0.00 235  16
11.98   478498  6581454  1458 0.125   1.40 0.45 156  88
13.39   475037  6578372  1489 0.294   0.43 0.15 213  90
12.91   478548  6577755  2000 0.992   1.68 0.17   0  90
15.51   472109  6585494  1131 0.365   0.00 0.00 256  30
15.50   470530  6580469  1406 0.947   0.26 0.07 268  22
15.51   475935  6576067  1432 0.455   0.00 0.00 308  14
10.15   476113  6579112  1999 0.243   1.50 0.33  98  90
13.51   477354  6576846  1930 0.876   2.15 0.20 104  47
15.43   471749  6577625  1619 0.788   0.49 0.10 223  28
9.03   476159  6581147  1948 0.890   1.51 0.17  12  90
15.51   471833  6584126  1329 0.169   0.00 0.00 283  68
14.73   479457  6576504  1870 0.026   1.25 0.99 195   2
12.46   479951  6581335  1869 0.647   2.50 0.25 222  88
15.51   470555  6582329  1428 0.337   0.00 0.00  74  66
15.51   472186  6582180  1616 0.372   0.00 0.00 266  65
2.48   475609  6580393  1100 0.016   0.75 0.99 110  44
15.51   470632  6575856  1512 0.346   0.00 0.00 109  74
12.27   479408  6581441  1465 0.109   1.74 0.55 220  90
2.47   475609  6580393  1100 0.016   0.75 0.99 117  18
12.72   479911  6581103  1350 0.485   2.05 0.27   0  90
15.52   477330  6585574  1416 0.011   0.11 0.43 300  50
13.03   475245  6578033  1878 0.984   1.10 0.13   4  90
8.47   476922  6580296  1964 0.866   1.68 0.18  84  89
15.47   477696  6585575  1771 0.015   0.30 0.63 207  55
15.00   477821  6584097  1807 0.915   0.68 0.11   3  89
13.81   477581  6582793  1752 0.999   1.19 0.14 199  90
14.19   480167  6582844  1980 0.663   1.50 0.19  90  89
15.51   473885  6575719  1345 0.324   0.00 0.00 131  76
12.14   478539  6581402  1258 0.464   1.24 0.21 184  88
13.81   480322  6582195  1897 0.408   1.85 0.28 208  88
15.51   472204  6585403  1506 0.341   0.00 0.00 298  28
9.84   475409  6580204  1969 0.918   1.56 0.17 199  90
14.45   475112  6577237  1502 0.998   0.70 0.10 232  90
11.32   478873  6580944  2000 0.041   2.02 1.00 233  10
14.96   473546  6581345  1144 0.263   0.27 0.13 306  39
15.51   473148  6575743  1339 0.308   0.00 0.00 111  70
15.51   472907  6580361  1438 0.315   0.00 0.00 160  59
15.51   470699  6579197  1464 0.337   0.00 0.00  99  49
9.14   476968  6580945  1999 0.351   2.13 0.32 194  90
13.70   480006  6582152  1651 0.886   1.77 0.18 356  89
10.07   477947  6580743  1998 0.564   2.00 0.24 131  88
11.34   479092  6579952  2000 0.649   2.16 0.24 323  88
11.38   478883  6580353  1684 0.674   1.70 0.20 127  90
11.10   474643  6580405  1986 0.225   1.43 0.33 163  89
15.51   470528  6580055  1217 0.888   0.18 0.06 264  20
11.96   479683  6580736  1836 0.903   2.43 0.21 114  86
13.42   478289  6577740  1503 0.989   1.00 0.13 303  90
11.30   474578  6580203  1755 0.316   1.15 0.25 217  90
10.54   477046  6579155  1998 0.930   1.08 0.14  73  90
15.43   478401  6585589  1318 0.008   0.40 0.99 103  33
13.64   478551  6582414  1345 0.537   0.95 0.17 208  90
15.24   480352  6585576  1498 0.098   0.98 0.42  83  87
11.37   477853  6580997  1346 0.337   1.17 0.24 208  89
8.33   476601  6580751  2000 0.998   1.97 0.18   0  90
7.95   476077  6580959  1688 0.042   1.17 0.74  12  90
13.50   479690  6578514  1291 0.825   1.40 0.17 102  87
15.06   475266  6583683  1903 0.893   0.85 0.12   4  64
11.75   479105  6581450  1999 0.194   2.23 0.46 192  90
15.51   476089  6585519  1343 0.788   0.00 0.00 111  61
12.02   478158  6578448  2000 0.031   1.55 1.00  62  90
13.74   480200  6580554  1738 0.045   1.38 0.78 288  90
11.55   479357  6580230  1997 0.999   2.17 0.19   0  90
14.38   478366  6583017  1274 0.681   0.79 0.14 176  89
9.45   476585  6581334  1994 0.718   1.76 0.20  59  89
11.65   479194  6580969  1998 0.043   2.06 0.99  72   1
15.45   472471  6582993  1320 0.969   0.32 0.07 302  23
15.51   471179  6575762  1892 0.345   0.00 0.00 297  65
15.52   471137  6575680  1460 0.054   0.02 0.08 161  55
12.71   479619  6581848  2000 0.137   2.30 0.56   1  90
10.02   476949  6579476  2000 0.517   1.11 0.19 104  90
13.44   477934  6582445  2000 0.460   0.82 0.17 161  90
12.69   479172  6581779  1462 0.339   1.58 0.28 278  86
15.51   471006  6578600  1667 0.703   0.00 0.00 122  23
12.89   477106  6577118  1964 0.839   2.08 0.20  94  56
15.49   470628  6580704  1664 0.373   0.29 0.11 273  23
14.47   478853  6576256  1441 0.996   2.13 0.19 103  29
15.37   474848  6576480  1767 0.971   0.26 0.06 335  90
10.53   475497  6580462  1744 0.999   0.76 0.11  95  90
14.01   479957  6577995  1325 0.061   1.68 0.74  78  20
15.49   470565  6581842  1651 0.811   0.34 0.08 284  20
13.52   480188  6582323  1847 0.987   2.49 0.20  18  62
7.42   476462  6580620  1409 0.289   1.21 0.27 186  88
15.51   472466  6582678  1243 0.493   0.00 0.00 184  18
12.12   478586  6581883  2000 0.585   1.91 0.23 344  89
15.51   475130  6585435  1911 0.350   0.00 0.00 155  74
13.13   479263  6582064  1565 0.694   1.69 0.20  79  89
15.14   480021  6575622  1771 0.024   1.10 0.96 159  15
14.01   480258  6578054  1322 0.064   1.52 0.68  16  85
15.04   480013  6575948  1484 0.275   1.09 0.26 272  86
12.95   479236  6581753  1331 0.143   1.54 0.44  93  89
11.26   477845  6581400  1744 0.454   1.50 0.23 270  89
7.84   475973  6579787  1235 0.011   0.50 0.94 227  90
11.98   478618  6579962  1311 0.034   1.28 0.87 326  88
13.76   480110  6579390  1430 0.632   1.27 0.18 299  89
9.52   477494  6579943  2000 0.033   1.62 1.00  21  90
